Total time: 150.9 minutes. 
503.0 seconds per run. 
0.1193 runs per minute. 
[[26.83794293 26.69870684 27.06312566 ... 26.84982049 27.20162799
  27.1386908 ]
 [26.66842879 26.96871286 27.31880409 ... 26.86581438 27.19697337
  27.09119476]
 [26.41005511 27.00151302 26.34215607 ... 27.18851697 27.15631807
  -1.        ]
 ...
 [-1.         -1.         -1.         ... -1.         -1.
  -1.        ]
 [-1.         -1.         -1.         ... -1.         -1.
  -1.        ]
 [-1.         -1.         -1.         ... -1.         -1.
  -1.        ]]